1 -1 66 -1 321 -1 1381 -1 -2
1 -1 65 -1 324 -1 1391 -1 -2
1 -1 64 -1 327 -1 1402 -1 -2
28 -1 197 -1 897 -1 3729 -1 -2
1 -1 61 -1 350 -1 1472 -1 -2
28 -1 194 -1 918 -1 3802 -1 -2
28 -1 193 -1 921 -1 3810 -1 -2
28 -1 191 -1 925 -1 3819 -1 -2
32 -1 220 -1 972 -1 4021 -1 -2
32 -1 217 -1 993 -1 4096 -1 -2
32 -1 216 -1 997 -1 4104 -1 -2
32 -1 214 -1 1001 -1 4111 -1 -2
36 -1 253 -1 1073 -1 4451 -1 -2
36 -1 250 -1 1096 -1 4536 -1 -2
36 -1 249 -1 1100 -1 4544 -1 -2
36 -1 248 -1 1103 -1 4551 -1 -2
36 -1 246 -1 1108 -1 4560 -1 -2
41 -1 276 -1 1153 -1 4762 -1 -2
41 -1 275 -1 1156 -1 4773 -1 -2
41 -1 274 -1 1160 -1 4782 -1 -2
41 -1 270 -1 1183 -1 4852 -1 -2
49 -1 302 -1 1273 -1 5195 -1 -2
49 -1 299 -1 1297 -1 5283 -1 -2
11 -1 105 -1 474 -1 2020 -1 -2
49 -1 298 -1 1300 -1 5292 -1 -2
11 -1 104 -1 477 -1 2029 -1 -2
49 -1 297 -1 1304 -1 5296 -1 -2
11 -1 103 -1 480 -1 2040 -1 -2
49 -1 296 -1 1308 -1 5308 -1 -2
11 -1 100 -1 505 -1 2120 -1 -2
11 -1 98 -1 509 -1 2129 -1 -2
56 -1 317 -1 1346 -1 5466 -1 -2
56 -1 314 -1 1367 -1 5542 -1 -2
56 -1 313 -1 1371 -1 5550 -1 -2
56 -1 312 -1 1374 -1 5560 -1 -2
68 -1 401 -1 1669 -1 6590 -1 -2
68 -1 398 -1 1692 -1 6673 -1 -2
68 -1 397 -1 1695 -1 6680 -1 -2
68 -1 396 -1 1699 -1 6689 -1 -2
68 -1 394 -1 1703 -1 6699 -1 -2
76 -1 423 -1 1751 -1 6901 -1 -2
76 -1 420 -1 1772 -1 6976 -1 -2
76 -1 419 -1 1776 -1 6983 -1 -2
76 -1 418 -1 1779 -1 6991 -1 -2
84 -1 454 -1 1887 -1 7421 -1 -2
84 -1 453 -1 1891 -1 7431 -1 -2
84 -1 451 -1 1895 -1 7444 -1 -2
84 -1 448 -1 1920 -1 7531 -1 -2
84 -1 447 -1 1924 -1 7539 -1 -2
84 -1 446 -1 1927 -1 7552 -1 -2
92 -1 471 -1 1979 -1 7769 -1 -2
92 -1 468 -1 2003 -1 7851 -1 -2
92 -1 467 -1 2006 -1 7860 -1 -2
92 -1 466 -1 2009 -1 7869 -1 -2
92 -1 465 -1 2013 -1 7879 -1 -2
106 -1 584 -1 2402 -1 9220 -1 -2
106 -1 582 -1 2406 -1 9229 -1 -2
106 -1 579 -1 2427 -1 9301 -1 -2
106 -1 578 -1 2432 -1 9306 -1 -2
119 -1 615 -1 2535 -1 9724 -1 -2
119 -1 612 -1 2556 -1 9799 -1 -2
119 -1 611 -1 2560 -1 9807 -1 -2
119 -1 609 -1 2564 -1 9814 -1 -2
17 -1 174 -1 822 -1 3437 -1 -2
17 -1 171 -1 843 -1 3510 -1 -2
17 -1 170 -1 846 -1 3518 -1 -2
17 -1 168 -1 850 -1 3527 -1 -2
