1 -1 64 -1 271 -1 937 -1 -2
311 -1 1091 -1 3181 -1 7912 -1 -2
1 -1 63 -1 274 -1 946 -1 -2
311 -1 1088 -1 3203 -1 7984 -1 -2
1 -1 62 -1 277 -1 956 -1 -2
311 -1 1087 -1 3206 -1 7991 -1 -2
1 -1 59 -1 299 -1 1018 -1 -2
311 -1 1086 -1 3210 -1 8000 -1 -2
311 -1 1085 -1 3213 -1 8010 -1 -2
318 -1 1120 -1 3291 -1 8236 -1 -2
32 -1 205 -1 775 -1 2472 -1 -2
318 -1 1117 -1 3313 -1 8308 -1 -2
32 -1 202 -1 795 -1 2537 -1 -2
318 -1 1116 -1 3316 -1 8315 -1 -2
32 -1 201 -1 799 -1 2545 -1 -2
318 -1 1115 -1 3320 -1 8324 -1 -2
32 -1 200 -1 802 -1 2552 -1 -2
318 -1 1114 -1 3323 -1 8334 -1 -2
324 -1 1146 -1 3362 -1 8413 -1 -2
28 -1 185 -1 729 -1 2359 -1 -2
324 -1 1143 -1 3384 -1 8485 -1 -2
28 -1 182 -1 749 -1 2422 -1 -2
324 -1 1142 -1 3387 -1 8492 -1 -2
28 -1 181 -1 752 -1 2430 -1 -2
324 -1 1141 -1 3391 -1 8501 -1 -2
28 -1 180 -1 755 -1 2439 -1 -2
324 -1 1140 -1 3394 -1 8511 -1 -2
329 -1 1160 -1 3408 -1 8539 -1 -2
329 -1 1159 -1 3411 -1 8548 -1 -2
329 -1 1158 -1 3414 -1 8558 -1 -2
329 -1 1155 -1 3435 -1 8619 -1 -2
368 -1 1271 -1 3678 -1 9050 -1 -2
368 -1 1270 -1 3682 -1 9057 -1 -2
368 -1 1269 -1 3684 -1 9064 -1 -2
368 -1 1266 -1 3705 -1 9120 -1 -2
368 -1 1265 -1 3707 -1 9126 -1 -2
476 -1 1544 -1 4195 -1 9795 -1 -2
476 -1 1541 -1 4215 -1 9858 -1 -2
476 -1 1540 -1 4218 -1 9866 -1 -2
476 -1 1539 -1 4221 -1 9875 -1 -2
36 -1 234 -1 829 -1 2593 -1 -2
36 -1 231 -1 851 -1 2667 -1 -2
36 -1 230 -1 855 -1 2675 -1 -2
36 -1 229 -1 858 -1 2682 -1 -2
112 -1 504 -1 1597 -1 4370 -1 -2
36 -1 228 -1 862 -1 2691 -1 -2
112 -1 501 -1 1617 -1 4435 -1 -2
112 -1 500 -1 1621 -1 4443 -1 -2
112 -1 499 -1 1624 -1 4450 -1 -2
118 -1 533 -1 1706 -1 4704 -1 -2
118 -1 530 -1 1726 -1 4768 -1 -2
118 -1 529 -1 1729 -1 4775 -1 -2
118 -1 528 -1 1732 -1 4784 -1 -2
124 -1 561 -1 1798 -1 4920 -1 -2
124 -1 558 -1 1818 -1 4983 -1 -2
124 -1 557 -1 1821 -1 4991 -1 -2
41 -1 254 -1 880 -1 2724 -1 -2
124 -1 556 -1 1824 -1 5000 -1 -2
41 -1 253 -1 883 -1 2734 -1 -2
41 -1 252 -1 887 -1 2742 -1 -2
41 -1 249 -1 908 -1 2804 -1 -2
17 -1 165 -1 683 -1 2246 -1 -2
17 -1 162 -1 703 -1 2309 -1 -2
17 -1 161 -1 706 -1 2317 -1 -2
17 -1 160 -1 709 -1 2326 -1 -2
130 -1 602 -1 1969 -1 5481 -1 -2
130 -1 599 -1 1989 -1 5545 -1 -2
130 -1 598 -1 1992 -1 5552 -1 -2
130 -1 597 -1 1995 -1 5561 -1 -2
65 -1 347 -1 1172 -1 3462 -1 -2
65 -1 344 -1 1194 -1 3534 -1 -2
11 -1 99 -1 386 -1 1284 -1 -2
65 -1 343 -1 1197 -1 3541 -1 -2
11 -1 98 -1 389 -1 1292 -1 -2
65 -1 342 -1 1201 -1 3550 -1 -2
11 -1 97 -1 392 -1 1302 -1 -2
65 -1 341 -1 1204 -1 3560 -1 -2
11 -1 94 -1 416 -1 1373 -1 -2
11 -1 93 -1 419 -1 1382 -1 -2
138 -1 635 -1 2100 -1 5878 -1 -2
138 -1 632 -1 2120 -1 5942 -1 -2
138 -1 631 -1 2123 -1 5949 -1 -2
138 -1 630 -1 2126 -1 5958 -1 -2
145 -1 657 -1 2147 -1 5993 -1 -2
145 -1 654 -1 2169 -1 6067 -1 -2
145 -1 653 -1 2173 -1 6074 -1 -2
145 -1 652 -1 2176 -1 6082 -1 -2
145 -1 651 -1 2180 -1 6091 -1 -2
149 -1 671 -1 2193 -1 6120 -1 -2
149 -1 670 -1 2196 -1 6129 -1 -2
149 -1 667 -1 2216 -1 6191 -1 -2
149 -1 666 -1 2219 -1 6200 -1 -2
255 -1 925 -1 2810 -1 7218 -1 -2
255 -1 924 -1 2812 -1 7225 -1 -2
255 -1 923 -1 2815 -1 7231 -1 -2
255 -1 920 -1 2835 -1 7280 -1 -2
73 -1 367 -1 1224 -1 3593 -1 -2
73 -1 364 -1 1244 -1 3658 -1 -2
73 -1 363 -1 1248 -1 3665 -1 -2
73 -1 362 -1 1251 -1 3673 -1 -2
